# Mean excitation energy I, subshell occupancies and subshell
# ionisation energies in eV. Z = 1 to 100.
#
# NIST ESTAR mean excitation energies, and Sternheimer, Berger and
# Seltzer, At. Data Nucl. Data Tables 30 (1984) 261. Vendored from
# density_effect.h5: ESTAR publishes through a web form, so there
# is no archive to fetch and verify.
#
# Generated by tools/make_photon_aux.py.
DENSITY
Z 1 1 19.2 1.0 13.6
Z 2 1 41.8 2.0 24.59
Z 3 2 40.0 2.0 -1.0 58.0 5.392
Z 4 2 63.7 2.0 -2.0 115.0 9.322
Z 5 2 76.0 2.0 -3.0 192.0 11.386
Z 6 3 81.0 2.0 2.0 -2.0 288.0 16.59 11.26
Z 7 3 82.0 2.0 2.0 3.0 403.0 20.33 14.53
Z 8 3 95.0 2.0 2.0 4.0 538.0 28.48 13.62
Z 9 3 115.0 2.0 2.0 5.0 694.0 37.85 17.42
Z 10 4 137.0 2.0 2.0 2.0 4.0 870.1 48.47 21.66 21.56
Z 11 5 149.0 2.0 2.0 2.0 4.0 -1.0 1075.0 66.0 34.0 34.0 5.139
Z 12 5 156.0 2.0 2.0 2.0 4.0 -2.0 1308.0 92.0 54.0 54.0 7.646
Z 13 5 166.0 2.0 2.0 2.0 4.0 -3.0 1564.0 121.0 77.0 77.0 9.075
Z 14 6 173.0 2.0 2.0 2.0 4.0 2.0 -2.0 1844.0 154.0 104.0 104.0 13.46 8.151
Z 15 6 173.0 2.0 2.0 2.0 4.0 2.0 -3.0 2148.0 191.0 135.0 134.0 16.15 10.49
Z 16 6 180.0 2.0 2.0 2.0 4.0 2.0 -4.0 2476.0 232.0 170.0 168.0 20.2 10.36
Z 17 6 174.0 2.0 2.0 2.0 4.0 2.0 5.0 2829.0 277.0 208.0 206.0 24.54 12.97
Z 18 7 188.0 2.0 2.0 2.0 4.0 2.0 2.0 4.0 3206.3 326.5 250.6 248.5 29.24 15.94 15.76
Z 19 8 190.0 2.0 2.0 2.0 4.0 2.0 2.0 4.0 -1.0 3610.0 381.0 299.0 296.0 37.0 19.0 18.7 4.341
Z 20 8 191.0 2.0 2.0 2.0 4.0 2.0 2.0 4.0 -2.0 4041.0 441.0 353.0 349.0 46.0 28.0 28.0 6.113
Z 21 8 216.0 2.0 2.0 2.0 4.0 2.0 2.0 4.0 -3.0 4494.0 503.0 408.0 403.0 55.0 33.0 33.0 7.027
Z 22 9 233.0 2.0 2.0 2.0 4.0 2.0 2.0 4.0 2.0 -2.0 4970.0 567.0 465.0 459.0 64.0 39.0 38.0 8.0 6.82
Z 23 9 245.0 2.0 2.0 2.0 4.0 2.0 2.0 4.0 3.0 -2.0 5470.0 633.0 525.0 518.0 72.0 44.0 43.0 8.0 6.74
Z 24 9 257.0 2.0 2.0 2.0 4.0 2.0 2.0 4.0 4.0 -2.0 5995.0 702.0 589.0 580.0 80.0 49.0 48.0 8.25 7.508
Z 25 9 272.0 2.0 2.0 2.0 4.0 2.0 2.0 4.0 5.0 -2.0 6544.0 755.0 656.0 645.0 89.0 55.0 53.0 9.0 7.434
Z 26 9 286.0 2.0 2.0 2.0 4.0 2.0 2.0 4.0 6.0 -2.0 7117.0 851.0 726.0 713.0 98.0 61.0 59.0 9.0 7.87
Z 27 9 297.0 2.0 2.0 2.0 4.0 2.0 2.0 4.0 7.0 -2.0 7715.0 931.0 800.0 785.0 107.0 68.0 66.0 9.0 7.864
Z 28 10 311.0 2.0 2.0 2.0 4.0 2.0 2.0 4.0 4.0 4.0 -2.0 8338.0 1015.0 877.0 860.0 117.0 75.0 73.0 10.0 10.0 7.635
Z 29 10 322.0 2.0 2.0 2.0 4.0 2.0 2.0 4.0 4.0 6.0 -1.0 8986.0 1103.0 958.0 938.0 127.0 82.0 80.0 11.0 10.4 7.726
Z 30 10 330.0 2.0 2.0 2.0 4.0 2.0 2.0 4.0 4.0 6.0 -2.0 9663.0 1198.0 1047.0 1024.0 141.0 94.0 91.0 12.0 11.2 9.394
Z 31 10 334.0 2.0 2.0 2.0 4.0 2.0 2.0 4.0 4.0 6.0 -3.0 10371.0 1302.0 1146.0 1119.0 162.0 111.0 107.0 21.0 20.0 9.333
Z 32 11 350.0 2.0 2.0 2.0 4.0 2.0 2.0 4.0 4.0 6.0 2.0 -2.0 11107.0 1413.0 1251.0 1220.0 184.0 130.0 125.0 33.0 32.0 14.3 7.9
Z 33 11 347.0 2.0 2.0 2.0 4.0 2.0 2.0 4.0 4.0 6.0 2.0 -3.0 11871.0 1531.0 1362.0 1327.0 208.0 151.0 145.0 46.0 45.0 17.0 9.81
Z 34 11 348.0 2.0 2.0 2.0 4.0 2.0 2.0 4.0 4.0 6.0 2.0 -4.0 12662.0 1656.0 1479.0 1439.0 234.0 173.0 166.0 61.0 60.0 20.15 9.75
Z 35 11 343.0 2.0 2.0 2.0 4.0 2.0 2.0 4.0 4.0 6.0 2.0 5.0 13481.0 1787.0 1602.0 1556.0 262.0 197.0 189.0 77.0 76.0 23.8 11.85
Z 36 12 352.0 2.0 2.0 2.0 4.0 2.0 2.0 4.0 4.0 6.0 2.0 2.0 4.0 14327.0 1924.6 1730.9 1678.4 292.8 222.2 214.4 95.0 93.8 27.51 14.65 14.0
Z 37 13 363.0 2.0 2.0 2.0 4.0 2.0 2.0 4.0 4.0 6.0 2.0 2.0 4.0 -1.0 15203.0 2068.0 1867.0 1807.0 325.0 251.0 242.0 116.0 114.0 32.0 16.0 15.3 4.18
Z 38 13 366.0 2.0 2.0 2.0 4.0 2.0 2.0 4.0 4.0 6.0 2.0 2.0 4.0 -2.0 16108.0 2219.0 2010.0 1943.0 361.0 283.0 273.0 139.0 137.0 40.0 23.0 22.0 5.69
Z 39 13 379.0 2.0 2.0 2.0 4.0 2.0 2.0 4.0 4.0 6.0 2.0 2.0 4.0 -3.0 17041.0 2375.0 2158.0 2083.0 397.0 315.0 304.0 163.0 161.0 48.0 30.0 29.0 6.45
Z 40 13 393.0 2.0 2.0 2.0 4.0 2.0 2.0 4.0 4.0 6.0 2.0 2.0 4.0 -4.0 18002.0 2536.0 2311.0 2227.0 434.0 348.0 335.0 187.0 185.0 56.0 35.0 33.0 7.725
Z 41 14 417.0 2.0 2.0 2.0 4.0 2.0 2.0 4.0 4.0 6.0 2.0 2.0 4.0 2.0 -3.0 18990.0 2702.0 2469.0 2375.0 472.0 382.0 367.0 212.0 209.0 62.0 40.0 38.0 7.17 7.073
Z 42 13 424.0 2.0 2.0 2.0 4.0 2.0 2.0 4.0 4.0 6.0 2.0 2.0 4.0 -6.0 20006.0 2872.0 2632.0 2527.0 511.0 416.0 399.0 237.0 234.0 68.0 45.0 42.0 8.317
Z 43 14 428.0 2.0 2.0 2.0 4.0 2.0 2.0 4.0 4.0 6.0 2.0 2.0 4.0 3.0 -4.0 21050.0 3048.0 2800.0 2683.0 551.0 451.0 432.0 263.0 259.0 74.0 49.0 45.0 8.6 8.27
Z 44 14 441.0 2.0 2.0 2.0 4.0 2.0 2.0 4.0 4.0 6.0 2.0 2.0 4.0 5.0 -3.0 22123.0 3230.0 2973.0 2844.0 592.0 488.0 466.0 290.0 286.0 81.0 53.0 49.0 8.5 8.123
Z 45 14 449.0 2.0 2.0 2.0 4.0 2.0 2.0 4.0 4.0 6.0 2.0 2.0 4.0 6.0 -3.0 23225.0 3418.0 3152.0 3010.0 634.0 526.0 501.0 318.0 313.0 87.0 58.0 53.0 9.56 8.86
Z 46 14 470.0 2.0 2.0 2.0 4.0 2.0 2.0 4.0 4.0 6.0 2.0 2.0 4.0 8.0 -2.0 24357.0 3611.0 3337.0 3180.0 677.0 565.0 537.0 347.0 342.0 93.0 63.0 57.0 8.56 8.34
Z 47 15 470.0 2.0 2.0 2.0 4.0 2.0 2.0 4.0 4.0 6.0 2.0 2.0 4.0 4.0 6.0 -1.0 25520.0 3812.0 3530.0 3357.0 724.0 608.0 577.0 379.0 373.0 101.0 69.0 63.0 11.0 10.0 7.58
Z 48 15 469.0 2.0 2.0 2.0 4.0 2.0 2.0 4.0 4.0 6.0 2.0 2.0 4.0 4.0 6.0 -2.0 26715.0 4022.0 3732.0 3542.0 775.0 655.0 621.0 415.0 408.0 112.0 78.0 71.0 14.0 13.0 8.99
Z 49 15 488.0 2.0 2.0 2.0 4.0 2.0 2.0 4.0 4.0 6.0 2.0 2.0 4.0 4.0 6.0 -3.0 27944.0 4242.0 3943.0 3735.0 830.0 707.0 669.0 455.0 447.0 126.0 90.0 82.0 21.0 20.0 8.597
Z 50 16 488.0 2.0 2.0 2.0 4.0 2.0 2.0 4.0 4.0 6.0 2.0 2.0 4.0 4.0 6.0 2.0 -2.0 29204.0 4469.0 4160.0 3933.0 888.0 761.0 719.0 497.0 489.0 141.0 102.0 93.0 29.0 28.0 12.0 7.34
Z 51 16 487.0 2.0 2.0 2.0 4.0 2.0 2.0 4.0 4.0 6.0 2.0 2.0 4.0 4.0 6.0 2.0 -3.0 30496.0 4703.0 4385.0 4137.0 949.0 817.0 771.0 542.0 533.0 157.0 114.0 104.0 38.0 37.0 15.0 8.64
Z 52 16 485.0 2.0 2.0 2.0 4.0 2.0 2.0 4.0 4.0 6.0 2.0 2.0 4.0 4.0 6.0 2.0 -4.0 31820.0 4945.0 4618.0 4347.0 1012.0 876.0 825.0 589.0 578.0 174.0 127.0 117.0 48.0 46.0 17.84 9.01
Z 53 16 491.0 2.0 2.0 2.0 4.0 2.0 2.0 4.0 4.0 6.0 2.0 2.0 4.0 4.0 6.0 2.0 5.0 33176.0 5195.0 4858.0 4563.0 1078.0 937.0 881.0 638.0 626.0 193.0 141.0 131.0 58.0 56.0 20.61 10.45
Z 54 17 482.0 2.0 2.0 2.0 4.0 2.0 2.0 4.0 4.0 6.0 2.0 2.0 4.0 4.0 6.0 2.0 2.0 4.0 34565.0 5453.2 5107.2 4787.3 1148.7 1002.1 940.6 689.0 676.4 213.2 157.0 145.5 69.5 67.5 23.39 13.43 12.13
Z 55 18 488.0 2.0 2.0 2.0 4.0 2.0 2.0 4.0 4.0 6.0 2.0 2.0 4.0 4.0 6.0 2.0 2.0 4.0 -1.0 35987.0 5717.0 5362.0 5014.0 1220.0 1068.0 1000.0 742.0 728.0 233.0 174.0 164.0 81.0 79.0 25.0 14.0 12.3 3.89
Z 56 18 491.0 2.0 2.0 2.0 4.0 2.0 2.0 4.0 4.0 6.0 2.0 2.0 4.0 4.0 6.0 2.0 2.0 4.0 -2.0 37442.0 5991.0 5626.0 5249.0 1293.0 1138.0 1063.0 797.0 782.0 254.0 193.0 181.0 94.0 92.0 31.0 18.0 16.0 5.21
Z 57 18 501.0 2.0 2.0 2.0 4.0 2.0 2.0 4.0 4.0 6.0 2.0 2.0 4.0 4.0 6.0 2.0 2.0 4.0 -3.0 38928.0 6269.0 5894.0 5486.0 1365.0 1207.0 1124.0 851.0 834.0 273.0 210.0 196.0 105.0 103.0 36.0 22.0 19.0 5.637
Z 58 19 523.0 2.0 2.0 2.0 4.0 2.0 2.0 4.0 4.0 6.0 2.0 2.0 4.0 4.0 6.0 1.0 2.0 2.0 4.0 -3.0 40446.0 6552.0 6167.0 5726.0 1437.0 1275.0 1184.0 903.0 885.0 291.0 225.0 209.0 114.0 111.0 6.0 39.0 25.0 22.0 5.767
Z 59 19 535.0 2.0 2.0 2.0 4.0 2.0 2.0 4.0 4.0 6.0 2.0 2.0 4.0 4.0 6.0 2.0 2.0 2.0 4.0 -3.0 41995.0 6839.0 6444.0 5968.0 1509.0 1342.0 1244.0 954.0 934.0 307.0 238.0 220.0 121.0 117.0 6.0 41.0 27.0 24.0 5.613
Z 60 19 546.0 2.0 2.0 2.0 4.0 2.0 2.0 4.0 4.0 6.0 2.0 2.0 4.0 4.0 6.0 3.0 2.0 2.0 4.0 -3.0 43575.0 7132.0 6727.0 6213.0 1580.0 1408.0 1303.0 1005.0 983.0 321.0 250.0 230.0 126.0 122.0 6.0 42.0 28.0 25.0 5.66
Z 61 19 560.0 2.0 2.0 2.0 4.0 2.0 2.0 4.0 4.0 6.0 2.0 2.0 4.0 4.0 6.0 4.0 2.0 2.0 4.0 -3.0 45188.0 7432.0 7017.0 6464.0 1653.0 1476.0 1362.0 1057.0 1032.0 335.0 261.0 240.0 131.0 127.0 6.0 43.0 28.0 25.0 5.7
Z 62 19 574.0 2.0 2.0 2.0 4.0 2.0 2.0 4.0 4.0 6.0 2.0 2.0 4.0 4.0 6.0 6.0 2.0 2.0 4.0 -2.0 46837.0 7740.0 7315.0 6720.0 1728.0 1546.0 1422.0 1110.0 1083.0 349.0 273.0 251.0 137.0 132.0 6.0 44.0 29.0 25.0 5.63
Z 63 19 580.0 2.0 2.0 2.0 4.0 2.0 2.0 4.0 4.0 6.0 2.0 2.0 4.0 4.0 6.0 7.0 2.0 2.0 4.0 -2.0 48522.0 8056.0 7621.0 6981.0 1805.0 1618.0 1484.0 1164.0 1135.0 364.0 286.0 262.0 143.0 137.0 6.0 45.0 30.0 26.0 5.68
Z 64 19 591.0 2.0 2.0 2.0 4.0 2.0 2.0 4.0 4.0 6.0 2.0 2.0 4.0 4.0 6.0 7.0 2.0 2.0 4.0 -3.0 50243.0 8380.0 7935.0 7247.0 1884.0 1692.0 1547.0 1220.0 1189.0 380.0 300.0 273.0 150.0 143.0 6.0 46.0 31.0 27.0 6.107
Z 65 19 614.0 2.0 2.0 2.0 4.0 2.0 2.0 4.0 4.0 6.0 2.0 2.0 4.0 4.0 6.0 8.0 2.0 2.0 4.0 -3.0 51999.0 8711.0 8256.0 7518.0 1965.0 1768.0 1612.0 1277.0 1243.0 398.0 315.0 285.0 157.0 150.0 6.0 48.0 32.0 28.0 5.9
Z 66 19 628.0 2.0 2.0 2.0 4.0 2.0 2.0 4.0 4.0 6.0 2.0 2.0 4.0 4.0 6.0 9.0 2.0 2.0 4.0 -3.0 53792.0 9050.0 8585.0 7794.0 2048.0 1846.0 1678.0 1335.0 1298.0 416.0 331.0 297.0 164.0 157.0 6.0 50.0 33.0 28.0 5.953
Z 67 19 650.0 2.0 2.0 2.0 4.0 2.0 2.0 4.0 4.0 6.0 2.0 2.0 4.0 4.0 6.0 10.0 2.0 2.0 4.0 -3.0 55622.0 9398.0 8922.0 8075.0 2133.0 1926.0 1746.0 1395.0 1354.0 434.0 348.0 310.0 172.0 164.0 6.0 52.0 34.0 29.0 6.013
Z 68 19 658.0 2.0 2.0 2.0 4.0 2.0 2.0 4.0 4.0 6.0 2.0 2.0 4.0 4.0 6.0 11.0 2.0 2.0 4.0 -3.0 57489.0 9754.0 9267.0 8361.0 2220.0 2008.0 1815.0 1456.0 1412.0 452.0 365.0 323.0 181.0 172.0 6.0 54.0 35.0 30.0 6.067
Z 69 19 674.0 2.0 2.0 2.0 4.0 2.0 2.0 4.0 4.0 6.0 2.0 2.0 4.0 4.0 6.0 12.0 2.0 2.0 4.0 -3.0 59393.0 10118.0 9620.0 8651.0 2309.0 2092.0 1885.0 1518.0 1471.0 471.0 382.0 336.0 190.0 181.0 7.0 56.0 36.0 30.0 6.453
Z 70 20 684.0 2.0 2.0 2.0 4.0 2.0 2.0 4.0 4.0 6.0 2.0 2.0 4.0 4.0 6.0 6.0 8.0 2.0 2.0 4.0 -2.0 61335.0 10490.0 9981.0 8946.0 2401.0 2178.0 1956.0 1580.0 1531.0 490.0 399.0 349.0 200.0 190.0 8.0 7.0 58.0 37.0 31.0 6.25
Z 71 20 694.0 2.0 2.0 2.0 4.0 2.0 2.0 4.0 4.0 6.0 2.0 2.0 4.0 4.0 6.0 6.0 8.0 2.0 2.0 4.0 -3.0 63320.0 10876.0 10355.0 9250.0 2499.0 2270.0 2032.0 1647.0 1596.0 514.0 420.0 366.0 213.0 202.0 13.0 12.0 62.0 39.0 32.0 6.867
Z 72 20 705.0 2.0 2.0 2.0 4.0 2.0 2.0 4.0 4.0 6.0 2.0 2.0 4.0 4.0 6.0 6.0 8.0 2.0 2.0 4.0 -4.0 65350.0 11275.0 10742.0 9564.0 2604.0 2369.0 2113.0 1720.0 1665.0 542.0 444.0 386.0 229.0 217.0 21.0 20.0 68.0 43.0 35.0 7.25
Z 73 20 718.0 2.0 2.0 2.0 4.0 2.0 2.0 4.0 4.0 6.0 2.0 2.0 4.0 4.0 6.0 6.0 8.0 2.0 2.0 4.0 -5.0 67419.0 11684.0 11139.0 9884.0 2712.0 2472.0 2197.0 1796.0 1737.0 570.0 469.0 407.0 245.0 232.0 30.0 28.0 74.0 47.0 38.0 8.14
Z 74 20 727.0 2.0 2.0 2.0 4.0 2.0 2.0 4.0 4.0 6.0 2.0 2.0 4.0 4.0 6.0 6.0 8.0 2.0 2.0 4.0 -6.0 69529.0 12103.0 11546.0 10209.0 2823.0 2577.0 2283.0 1874.0 1811.0 599.0 495.0 428.0 261.0 248.0 38.0 36.0 80.0 51.0 41.0 8.667
Z 75 21 736.0 2.0 2.0 2.0 4.0 2.0 2.0 4.0 4.0 6.0 2.0 2.0 4.0 4.0 6.0 6.0 8.0 2.0 2.0 4.0 3.0 -4.0 71681.0 12532.0 11963.0 10540.0 2937.0 2686.0 2371.0 1953.0 1887.0 629.0 522.0 450.0 278.0 264.0 47.0 45.0 86.0 56.0 45.0 9.6 8.75
Z 76 21 746.0 2.0 2.0 2.0 4.0 2.0 2.0 4.0 4.0 6.0 2.0 2.0 4.0 4.0 6.0 6.0 8.0 2.0 2.0 4.0 5.0 -3.0 73876.0 12972.0 12390.0 10876.0 3054.0 2797.0 2461.0 2035.0 1964.0 660.0 551.0 473.0 295.0 280.0 56.0 54.0 92.0 61.0 49.0 9.6 8.867
Z 77 21 757.0 2.0 2.0 2.0 4.0 2.0 2.0 4.0 4.0 6.0 2.0 2.0 4.0 4.0 6.0 6.0 8.0 2.0 2.0 4.0 6.0 -3.0 76115.0 13422.0 12828.0 11219.0 3175.0 2912.0 2554.0 2119.0 2044.0 693.0 581.0 497.0 314.0 298.0 67.0 64.0 99.0 66.0 53.0 9.6 9.267
Z 78 21 790.0 2.0 2.0 2.0 4.0 2.0 2.0 4.0 4.0 6.0 2.0 2.0 4.0 4.0 6.0 6.0 8.0 2.0 2.0 4.0 8.0 -2.0 78399.0 13883.0 13277.0 11567.0 3300.0 3030.0 2649.0 2206.0 2126.0 727.0 612.0 522.0 335.0 318.0 78.0 75.0 106.0 71.0 57.0 9.6 9.3
Z 79 22 790.0 2.0 2.0 2.0 4.0 2.0 2.0 4.0 4.0 6.0 2.0 2.0 4.0 4.0 6.0 6.0 8.0 2.0 2.0 4.0 4.0 6.0 -1.0 80729.0 14356.0 13738.0 11923.0 3430.0 3153.0 2748.0 2295.0 2210.0 764.0 645.0 548.0 357.0 339.0 91.0 87.0 114.0 76.0 61.0 12.5 11.1 9.23
Z 80 22 800.0 2.0 2.0 2.0 4.0 2.0 2.0 4.0 4.0 6.0 2.0 2.0 4.0 4.0 6.0 6.0 8.0 2.0 2.0 4.0 4.0 7.0 -1.0 83108.0 14845.0 14214.0 12288.0 3567.0 3283.0 2852.0 2390.0 2300.0 806.0 683.0 579.0 382.0 363.0 107.0 103.0 125.0 85.0 68.0 14.0 11.771 10.4
Z 81 23 810.0 2.0 2.0 2.0 4.0 2.0 2.0 4.0 4.0 6.0 2.0 2.0 4.0 4.0 6.0 6.0 8.0 2.0 2.0 4.0 4.0 6.0 2.0 -1.0 85536.0 15350.0 14704.0 12662.0 3710.0 3420.0 2961.0 2490.0 2394.0 852.0 726.0 615.0 411.0 391.0 127.0 123.0 139.0 98.0 79.0 21.0 19.0 8.0 6.11
Z 82 23 823.0 2.0 2.0 2.0 4.0 2.0 2.0 4.0 4.0 6.0 2.0 2.0 4.0 4.0 6.0 6.0 8.0 2.0 2.0 4.0 4.0 6.0 2.0 -2.0 88011.0 15867.0 15206.0 13041.0 3857.0 3560.0 3072.0 2592.0 2490.0 899.0 769.0 651.0 441.0 419.0 148.0 144.0 153.0 111.0 90.0 27.0 25.0 10.0 7.42
Z 83 23 823.0 2.0 2.0 2.0 4.0 2.0 2.0 4.0 4.0 6.0 2.0 2.0 4.0 4.0 6.0 6.0 8.0 2.0 2.0 4.0 4.0 6.0 2.0 -3.0 90534.0 16396.0 15719.0 13426.0 4007.0 3704.0 3185.0 2696.0 2588.0 946.0 813.0 687.0 472.0 448.0 170.0 165.0 167.0 125.0 101.0 34.0 32.0 12.0 7.29
Z 84 23 830.0 2.0 2.0 2.0 4.0 2.0 2.0 4.0 4.0 6.0 2.0 2.0 4.0 4.0 6.0 6.0 8.0 2.0 2.0 4.0 4.0 6.0 4.0 -2.0 93106.0 16937.0 16244.0 13816.0 4161.0 3852.0 3301.0 2802.0 2687.0 994.0 858.0 724.0 503.0 478.0 193.0 187.0 181.0 139.0 112.0 41.0 38.0 11.715 8.43
Z 85 24 825.0 2.0 2.0 2.0 4.0 2.0 2.0 4.0 4.0 6.0 2.0 2.0 4.0 4.0 6.0 6.0 8.0 2.0 2.0 4.0 4.0 6.0 2.0 2.0 3.0 95729.0 17490.0 16782.0 14212.0 4320.0 4005.0 3420.0 2910.0 2788.0 1044.0 904.0 761.0 535.0 508.0 217.0 211.0 196.0 153.0 123.0 48.0 44.0 19.0 11.0 9.3
Z 86 24 794.0 2.0 2.0 2.0 4.0 2.0 2.0 4.0 4.0 6.0 2.0 2.0 4.0 4.0 6.0 6.0 8.0 2.0 2.0 4.0 4.0 6.0 2.0 2.0 4.0 98404.0 18055.0 17334.0 14615.0 4483.0 4162.0 3452.0 3019.0 2890.0 1096.0 951.0 798.0 567.0 538.0 242.0 235.0 212.0 167.0 134.0 55.0 51.0 24.0 14.0 10.7
Z 87 25 827.0 2.0 2.0 2.0 4.0 2.0 2.0 4.0 4.0 6.0 2.0 2.0 4.0 4.0 6.0 6.0 8.0 2.0 2.0 4.0 4.0 6.0 2.0 2.0 4.0 -1.0 101134.0 18637.0 17903.0 15028.0 4652.0 4324.0 3666.0 3134.0 2998.0 1153.0 1003.0 839.0 603.0 572.0 268.0 260.0 231.0 183.0 147.0 65.0 61.0 33.0 19.0 14.0 4.0
Z 88 25 826.0 2.0 2.0 2.0 4.0 2.0 2.0 4.0 4.0 6.0 2.0 2.0 4.0 4.0 6.0 6.0 8.0 2.0 2.0 4.0 4.0 6.0 2.0 2.0 4.0 -2.0 103919.0 19237.0 18488.0 15449.0 4827.0 4491.0 3793.0 3254.0 3111.0 1214.0 1060.0 884.0 642.0 609.0 296.0 287.0 253.0 201.0 161.0 77.0 73.0 40.0 25.0 19.0 5.28
Z 89 25 841.0 2.0 2.0 2.0 4.0 2.0 2.0 4.0 4.0 6.0 2.0 2.0 4.0 4.0 6.0 6.0 8.0 2.0 2.0 4.0 4.0 6.0 2.0 2.0 4.0 -3.0 106759.0 19850.0 19086.0 15874.0 5005.0 4661.0 3921.0 3374.0 3223.0 1274.0 1116.0 928.0 680.0 645.0 322.0 313.0 274.0 218.0 174.0 88.0 83.0 45.0 29.0 22.0 6.1
Z 90 25 847.0 2.0 2.0 2.0 4.0 2.0 2.0 4.0 4.0 6.0 2.0 2.0 4.0 4.0 6.0 6.0 8.0 2.0 2.0 4.0 4.0 6.0 2.0 2.0 4.0 -4.0 109654.0 20475.0 19696.0 16303.0 5185.0 4833.0 4049.0 3494.0 3335.0 1333.0 1171.0 970.0 717.0 679.0 347.0 338.0 293.0 233.0 185.0 97.0 91.0 50.0 33.0 25.0 6.0
Z 91 26 878.0 2.0 2.0 2.0 4.0 2.0 2.0 4.0 4.0 6.0 2.0 2.0 4.0 4.0 6.0 6.0 8.0 2.0 2.0 4.0 4.0 6.0 1.0 2.0 2.0 4.0 -4.0 112604.0 21112.0 20318.0 16735.0 5368.0 5008.0 4178.0 3613.0 3446.0 1390.0 1225.0 1011.0 752.0 712.0 372.0 362.0 312.0 248.0 195.0 104.0 97.0 6.0 50.0 32.0 24.0 6.0
Z 92 26 890.0 2.0 2.0 2.0 4.0 2.0 2.0 4.0 4.0 6.0 2.0 2.0 4.0 4.0 6.0 6.0 8.0 2.0 2.0 4.0 4.0 6.0 3.0 2.0 2.0 4.0 -3.0 115611.0 21762.0 20953.0 17171.0 5553.0 5187.0 4308.0 3733.0 3557.0 1446.0 1278.0 1050.0 785.0 743.0 396.0 386.0 329.0 261.0 203.0 110.0 101.0 6.0 52.0 34.0 24.0 6.033
Z 93 26 902.0 2.0 2.0 2.0 4.0 2.0 2.0 4.0 4.0 6.0 2.0 2.0 4.0 4.0 6.0 6.0 8.0 2.0 2.0 4.0 4.0 6.0 4.0 2.0 2.0 4.0 -3.0 118676.0 22427.0 21602.0 17612.0 5742.0 5370.0 4440.0 3854.0 3669.0 1504.0 1331.0 1089.0 819.0 774.0 421.0 410.0 346.0 274.0 211.0 116.0 106.0 6.0 54.0 35.0 25.0 6.0
Z 94 26 921.0 2.0 2.0 2.0 4.0 2.0 2.0 4.0 4.0 6.0 2.0 2.0 4.0 4.0 6.0 6.0 8.0 2.0 2.0 4.0 4.0 6.0 5.0 2.0 2.0 4.0 -3.0 121800.0 23109.0 22267.0 18059.0 5936.0 5557.0 4574.0 3977.0 3783.0 1563.0 1384.0 1128.0 853.0 805.0 446.0 434.0 356.0 287.0 219.0 122.0 111.0 6.0 53.0 34.0 23.0 6.0
Z 95 26 934.0 2.0 2.0 2.0 4.0 2.0 2.0 4.0 4.0 6.0 2.0 2.0 4.0 4.0 6.0 6.0 8.0 2.0 2.0 4.0 4.0 6.0 6.0 2.0 2.0 4.0 -3.0 124984.0 23803.0 22949.0 18512.0 6135.0 5748.0 4710.0 4102.0 3898.0 1623.0 1439.0 1167.0 887.0 836.0 467.0 452.0 355.0 301.0 220.0 123.0 112.0 6.0 54.0 44.0 36.0 6.0
Z 96 26 939.0 2.0 2.0 2.0 4.0 2.0 2.0 4.0 4.0 6.0 2.0 2.0 4.0 4.0 6.0 6.0 8.0 2.0 2.0 4.0 4.0 6.0 7.0 2.0 2.0 4.0 -3.0 128261.0 24523.0 23654.0 18974.0 6313.0 5946.0 4828.0 4236.0 4014.0 1664.0 1493.0 1194.0 919.0 864.0 494.0 479.0 384.0 314.0 239.0 126.0 119.0 11.0 60.0 39.0 27.0 5.667
Z 97 26 952.0 2.0 2.0 2.0 4.0 2.0 2.0 4.0 4.0 6.0 2.0 2.0 4.0 4.0 6.0 6.0 8.0 2.0 2.0 4.0 4.0 6.0 8.0 2.0 2.0 4.0 -3.0 131586.0 25260.0 24372.0 19440.0 6523.0 6149.0 4968.0 4366.0 4133.0 1729.0 1554.0 1236.0 955.0 898.0 520.0 504.0 401.0 329.0 248.0 142.0 124.0 12.0 63.0 41.0 27.0 5.333
Z 98 26 966.0 2.0 2.0 2.0 4.0 2.0 2.0 4.0 4.0 6.0 2.0 2.0 4.0 4.0 6.0 6.0 8.0 2.0 2.0 4.0 4.0 6.0 9.0 2.0 2.0 4.0 -3.0 134967.0 26008.0 25103.0 19907.0 6733.0 6352.0 5103.0 4492.0 4247.0 1789.0 1610.0 1273.0 987.0 925.0 546.0 529.0 412.0 338.0 251.0 142.0 129.0 9.0 61.0 39.0 25.0 7.0
Z 99 26 65.1 2.0 2.0 2.0 4.0 2.0 2.0 4.0 4.0 6.0 2.0 2.0 4.0 4.0 6.0 6.0 8.0 2.0 2.0 4.0 4.0 6.0 10.0 2.0 2.0 4.0 -3.0 138440.0 26781.0 25859.0 20383.0 6954.0 6566.0 5247.0 4225.0 4369.0 1857.0 1674.0 1316.0 1024.0 959.0 573.0 554.0 429.0 353.0 260.0 148.0 135.0 9.0 63.0 40.0 25.0 7.0
Z 100 26 64.2 2.0 2.0 2.0 4.0 2.0 2.0 4.0 4.0 6.0 2.0 2.0 4.0 4.0 6.0 6.0 8.0 2.0 2.0 4.0 4.0 6.0 11.0 2.0 2.0 4.0 -3.0 141962.0 27581.0 26642.0 20872.0 7187.0 6791.0 5399.0 4767.0 4498.0 1933.0 1746.0 1366.0 1068.0 1000.0 606.0 587.0 453.0 375.0 275.0 160.0 145.0 15.0 69.0 45.0 29.0 6.0
